30_1_200_3_1_200_200_0.9_0.0009_100_False
maxLength = 30
wordLayers = 1
wordUnits = 200
uttLayers = 1
uttUnits = 200
uttContextSize = 3
embeddingSize = 200
dropOut = 0.9
learning rate = 0.0009
batch size = 100
embedding file = 200
epoch = 1/120, trainAcc = 0.7882543810466794, trainLoss = 454.66947510652244, valAcc = 0.8153216140631242, testAcc = 0.8063624947676852
               trainF1 = 0.3679225126415497, valF1 = 0.4927297668038408, testF1 = 0.4564042303172738
               trainP = 0.6790220820189274, trainR = 0.25232001562957895, valP = 0.7464671654197839, valR = 0.3677313677313677, testP = 0.7333836858006042, testR = 0.3312862504264756
epoch = 2/120, trainAcc = 0.8143438271678576, trainLoss = 395.05984732630895, valAcc = 0.8181182580902916, testAcc = 0.8067810799497698
               trainF1 = 0.501329744624948, valF1 = 0.5211674993426243, testF1 = 0.4808816914080072
               trainP = 0.7287377736376339, trainR = 0.38209436358308096, valP = 0.7281410727406319, valR = 0.4058149058149058, testP = 0.7056105610561056, testR = 0.36472193790515184
epoch = 3/120, trainAcc = 0.8318799432163861, trainLoss = 352.17869094235357, valAcc = 0.8228126248501798, testAcc = 0.8155713687735454
               trainF1 = 0.5804031321642302, valF1 = 0.5246516613076099, testF1 = 0.4941446613088404
               trainP = 0.7433081674673988, trainR = 0.4760672071896063, valP = 0.7589147286821706, valR = 0.4009009009009009, testP = 0.7556179775280899, testR = 0.36711020129648586
epoch = 4/120, trainAcc = 0.85035847638589, trainLoss = 310.517746204554, valAcc = 0.8216140631242509, testAcc = 0.8183340309753034
               trainF1 = 0.6471051595116186, valF1 = 0.5489898989898989, testF1 = 0.5333333333333333
               trainP = 0.7630705944798302, trainR = 0.5617368369639543, valP = 0.7160737812911726, valR = 0.4451269451269451, testP = 0.7213496218731821, testR = 0.4230638007505971
epoch = 5/120, trainAcc = 0.8735252364989801, trainLoss = 262.93429279093107, valAcc = 0.812325209748302, testAcc = 0.8030975303474257
               trainF1 = 0.7165846877673224, valF1 = 0.5825372139524551, testF1 = 0.5642830678028901
               trainP = 0.7914845872209756, trainR = 0.6546351470157272, valP = 0.6367168528411851, valR = 0.5368550368550369, testP = 0.6173490068909607, testR = 0.5196178778573866
epoch = 6/120, trainAcc = 0.8984575375475682, trainLoss = 215.11851566263738, valAcc = 0.8063324011186576, testAcc = 0.8041021347844286
               trainF1 = 0.7801312186805808, valF1 = 0.5741269492642214, testF1 = 0.5682656826568265
               trainP = 0.8279057017543859, trainR = 0.7375696004688874, valP = 0.6191378493604927, valR = 0.5352170352170352, testP = 0.6187223784652471, testR = 0.5254179460934835
